Final state after 1000 steps:
Body 0:
  Position = (0.334038, 0.334060, 0.000000) m
  Velocity = (0.066740, 0.066746, 0.000000) m/s

Body 1:
  Position = (99999999.547843, 10000.118089, 0.000000) m
  Velocity = (-0.090341, 1000.023593, 0.000000) m/s

Body 2:
  Position = (-9999.881881, 99999999.547851, 0.000000) m
  Velocity = (-999.976398, -0.090339, 0.000000) m/s

